111659680
109576837
107688654
109576837
107688654
100920543
109057368
111652006
105512699
107918587
107444852
109211219
111704383
112716865
94287970
110305370
109576837
107688654
100920543
109057368
111652006
105512699
107918587
107444852
109211219
111704383
112716865
94287970
110305370
109576837
107688654
100920543
109057368
111652006
105512699
107918587
107444852
109211219
111704383
112716865
94287970
110305370
109576837
107688654
100920543
109057368
111652006
105512699
107918587
107444852
109211219
111704383
112716865
94287970
110305370
